9.951535692260113919e-01 -7.464120607621924086e-02 -6.345591760114750735e-02 4.245235063678335502e-02 3.151054644183309134e-02 1.678408418334573216e-02 1.919333343154960153e-02 8.276040528090942636e-03 1.089104101688050281e-02 -3.200068776738559679e-04 -9.035111886038318940e-02 1.161772957785980886e-02 4.113206081299075612e-02 -1.132283935842394885e-03 6.932043065279387727e-04 6.011539449090111398e-02 1.926537613445828507e-04 1.099284849226626892e-01 2.459819978461176473e-03 -2.251292448182382055e-01 1.704442424021630547e-03 5.072844924084855822e-02 1.887332655387570154e-02 -1.295762780410235002e-02 1.991437652880014613e-05 1.520207508307357125e-03 4.889616758365178222e-03 1.410551654226313220e-02 -7.651594876178512833e-03 -8.517360628113531968e-04 -2.241520632642432162e-02 1.816169915717038945e-03 3.858610844842469585e-03 1.405180020073747800e-03 -1.178545429683850419e-02 -2.064625726496020081e-03 1.123770257287757916e-02 -3.032349060849784395e-02 3.032349060849780231e-02
-7.464120607621924086e-02 1.002963345177899424e+00 -2.654585766961765209e-02 -2.378879986768321630e-02 -6.393639452493693996e-03 -1.698972750461341663e-02 -2.532208778173904423e-03 7.268376336858931377e-03 -4.732581757789651802e-03 -9.596628519293376168e-06 2.450836430127228960e-02 -6.857738699756456280e-03 -1.423060431113051111e-02 -3.364142729090211035e-03 -4.986773367116283969e-05 -5.056597869633220818e-03 4.537748521557038528e-04 -5.024914413309728572e-03 -1.903836003735711073e-03 1.381935786343275151e-02 3.713008296185610173e-03 -6.000792725095429464e-03 -2.541805406693196760e-03 6.259343459602421771e-03 4.687294962043368199e-04 -1.377378762042510106e-03 -1.182541811086681299e-02 -6.984140019045001480e-03 1.614455232752674222e-03 1.738611216604774631e-03 4.775066603164304646e-03 1.092313330030245458e-03 -6.637015979022948230e-03 3.634497216950105872e-03 7.403061163058474552e-03 4.023165566949612679e-03 -1.643485007646502656e-03 -3.936226865997919343e-03 3.936226865997921945e-03
-6.345591760114750735e-02 -2.654585766961765209e-02 9.015972401973386674e-01 4.200801706631011184e-02 1.858306348243154993e-02 5.667475800961920690e-02 -1.517962819358001716e-02 3.636897429979719411e-03 2.225715490992304091e-02 -6.702413560630627373e-04 -2.872720547370312752e-02 3.390747306728201377e-03 -3.529470155736789613e-03 1.877572098903661224e-02 4.602454341427723866e-05 1.781482426489676765e-02 -5.735343621097086474e-04 -3.162682340788927626e-02 -8.766924168458459145e-04 3.720262021888040560e-02 -8.430798784800245388e-03 -1.350959551213109198e-02 -1.584986954964285807e-02 1.375618241710067566e-02 2.871087968024422263e-04 -3.695838405588830478e-02 3.810013197311909461e-02 -2.377936484877472834e-02 -1.688251045783397200e-02 -3.244891893340023231e-02 -3.995978137774842953e-02 -3.194437169742438912e-03 1.227570272138510665e-01 -4.580928780693945424e-04 1.735272339519016230e-02 3.764224431151831727e-03 -2.648603895611750803e-02 1.555876378208849442e-02 -1.555876378208848228e-02
4.245235063678335502e-02 -2.378879986768321630e-02 4.200801706631011184e-02 1.214632742110153263e+00 -8.467829672748268532e-02 1.631316896093258292e-02 6.768395267199472584e-03 -4.662417932291317360e-03 -2.595272312232467776e-03 -6.732424933221949562e-06 -6.238887434908548663e-03 5.830670005509127479e-03 5.098800692897429224e-03 -4.187823436307003787e-03 -6.732424933221988526e-06 1.068105820732756679e-02 -2.983416561733867665e-04 -9.642155585753575328e-03 3.195003597541886385e-04 -4.101140141538622158e-04 -1.035605198533689694e-03 3.856578875328936658e-04 6.761662842266267896e-03 -4.070512449089729035e-03 -2.009685434947819664e-04 -8.806956059600896600e-03 4.645198054054223459e-03 -5.325675914375646797e-04 -7.527950523249003854e-04 -2.828230848473570203e-03 -3.281701641456627114e-03 -7.405667426543719562e-05 2.062878309757564324e-02 -2.752026499792963390e-03 -1.494820466437833022e-03 -3.328972213921916560e-03 -3.912035953599702146e-03 8.848620377343758853e-04 -8.848620377343802221e-04
3.151054644183309134e-02 -6.393639452493693996e-03 1.858306348243154993e-02 -8.467829672748268532e-02 1.017839029973903298e+00 1.212532653533736349e-02 3.429072063672749821e-04 1.382455671843505840e-03 8.384608064125442795e-03 -4.026452486247365938e-05 -1.763344726758588749e-02 4.021901585372739465e-03 6.485323737107634781e-03 -2.903219947504941546e-03 -4.026452486247342899e-05 -4.787243694476523218e-03 -3.750091871305783267e-04 1.809506623718585075e-02 2.463562386002754803e-03 -1.211638503967054845e-02 -1.548187267462187294e-03 -1.731803434449235343e-03 3.026426815047947565e-04 -2.977996297471354739e-04 1.270847690903100001e-03 -1.027589110379414569e-03 5.896378343751271017e-04 4.587511973829155399e-04 -2.114919123652689477e-03 2.184524078307557675e-04 -4.104801413593896046e-03 -4.429097734872121709e-04 8.155797232863245400e-03 -1.982115828328282273e-03 4.915900857249071165e-03 8.095817571566606922e-04 -6.751476780075936317e-03 -1.967135264308190849e-03 1.967135264308183910e-03
1.678408418334573216e-02 -1.698972750461341663e-02 5.667475800961920690e-02 1.631316896093258292e-02 1.212532653533736349e-02 9.950178963725647696e-01 -3.504442531463516919e-02 -2.709619371163783218e-04 -8.825570854420675517e-04 -9.215066796148975307e-05 9.939827745670617304e-03 1.359369556472930091e-02 2.065105316581387560e-02 -7.553594556028516045e-03 -3.408869150310599714e-04 1.558906123625494744e-02 -9.008903143099627163e-04 6.150516221792259874e-02 8.578090853022912309e-04 -5.662372592965981416e-02 -1.482777172700161256e-03 -1.894463912281062895e-02 -3.513657598259610493e-02 -1.398484881637861686e-02 -1.431967637512038575e-04 2.439433887309124319e-02 2.626291023971572339e-02 2.402800872709847865e-02 -5.702534414722401808e-03 4.362611893613022734e-03 -4.278205823829849680e-02 -1.361888093473771376e-03 3.235538762641682487e-03 6.713236081102121576e-03 -6.059752602668245017e-03 -6.234253915825231987e-03 2.240846425045190521e-02 -9.639475974718671181e-02 9.639475974718673956e-02
1.919333343154960153e-02 -2.532208778173904423e-03 -1.517962819358001716e-02 6.768395267199472584e-03 3.429072063672749821e-04 -3.504442531463516919e-02 5.690504942756946516e-02 -1.700769130849039698e-03 -3.664045836148473699e-03 -2.110489525591290372e-05 -4.296246952828126214e-02 -1.638705916679892216e-03 -4.615643330062376738e-03 -2.281205895036720645e-03 -2.110489525591264961e-05 -3.771005919821754804e-03 2.648112273135997969e-04 -5.920387858476215941e-04 6.701172515342910304e-04 1.370293775383759445e-03 -1.296107418959164355e-03 3.353929870396970929e-03 5.688394453231256781e-02 -7.051850826571942968e-03 -1.060459227789886704e-05 -7.918715871562724551e-03 -6.468214010398610700e-03 -2.322372792549746382e-03 -2.163512486980949737e-03 -4.232730825759577556e-03 -6.796297718903432199e-03 -2.321538478150563575e-04 -6.762639650982260262e-03 -1.235522831520011666e-03 -6.821261318255500417e-03 -1.531721390201934343e-03 -3.336346368532427682e-03 5.432357606163694397e-03 -5.432357606163696132e-03
8.276040528090942636e-03 7.268376336858931377e-03 3.636897429979719411e-03 -4.662417932291317360e-03 1.382455671843505840e-03 -2.709619371163783218e-04 -1.700769130849039698e-03 2.911163292609997288e-02 -1.809666062363630024e-03 -7.730281401875689024e-06 -2.063049561509572999e-02 -1.213302855515487749e-03 -2.532298516758616468e-03 -1.209640182713142467e-03 -7.730281401875727988e-06 1.612963243667698459e-03 2.708442003598600617e-04 -1.094317400805388044e-03 -5.145731827499176237e-05 -6.008751856364398774e-04 -4.653370636103639586e-04 3.281795242995419904e-04 -1.708499412250949565e-03 8.219567688443937814e-03 2.928498944435146707e-04 -7.020653008415766744e-04 -3.924298806297628166e-04 -1.016895305899840046e-03 -5.372798964711591237e-04 -1.482232369510238373e-03 -1.057626795585887630e-03 -8.503309542062850843e-05 6.289275407369791099e-04 5.993051428170843940e-04 -3.064218432071847548e-03 1.266713316834879987e-03 -9.610830945945957743e-04 9.983101379004038524e-04 -9.983101379004047198e-04
1.089104101688050281e-02 -4.732581757789651802e-03 2.225715490992304091e-02 -2.595272312232467776e-03 8.384608064125442795e-03 -8.825570854420675517e-04 -3.664045836148473699e-03 -1.809666062363630024e-03 5.657287725260504163e-02 -1.852813478862234400e-05 -4.197689653588899256e-02 -1.972242489000887444e-03 -4.784690255949436422e-03 -2.328279803675803363e-03 -1.852813478862236772e-05 2.756581292616939495e-03 -5.523633882750358855e-05 -4.236573560557271650e-05 1.253622565418941294e-04 -2.422995182878371137e-03 -5.119252122449442647e-04 1.505789203977790495e-04 -3.682573970937192374e-03 1.613124403226448827e-03 -1.835410201944062566e-05 -3.104733847364633034e-03 -1.597695127212710739e-03 -1.569284766499900226e-03 -1.023208067583522172e-03 -3.309711207246137689e-03 -2.371456062683901557e-03 -2.038094826748383843e-04 1.275960111313886869e-02 7.053956818621816283e-03 -6.441025138110751530e-03 -8.945430992758591571e-05 1.984623747273590259e-03 3.011706488251747471e-03 -3.011706488251727088e-03
-3.200068776738559679e-04 -9.596628519293376168e-06 -6.702413560630627373e-04 -6.732424933221949562e-06 -4.026452486247365938e-05 -9.215066796148975307e-05 -2.110489525591290372e-05 -7.730281401875689024e-06 -1.852813478862234400e-05 3.070026042459105355e-04 -2.207424800313261665e-04 -5.889738210953096748e-06 -2.184111253228341820e-05 -1.104325914553688858e-05 -1.227028793948477649e-07 2.560809092970480318e-04 -1.227028793948481884e-07 -1.014752812595428368e-04 -4.785412296399142768e-06 -1.269974801736714989e-04 -1.067515050735153817e-05 -1.202488218069503289e-05 2.858977089899999188e-04 -3.766978397421906076e-05 0.000000000000000000e+00 -4.086005883848610405e-05 -2.564490179352248628e-05 -1.251569369827421769e-05 -1.227028793948528005e-05 -2.319084420562568302e-05 -3.889681276816481795e-05 -1.349731673343324460e-06 -2.858977089899978385e-05 -6.135143969742634094e-06 -3.447950910995150925e-05 -6.994064125506382418e-06 -1.730110599467393051e-05 -1.213531477215101697e-04 1.213531477215101697e-04
-9.035111886038318940e-02 2.450836430127228960e-02 -2.872720547370312752e-02 -6.238887434908548663e-03 -1.763344726758588749e-02 9.939827745670617304e-03 -4.296246952828126214e-02 -2.063049561509572999e-02 -4.197689653588899256e-02 -2.207424800313261665e-04 2.095766734626364758e-01 -2.192990884190930065e-02 -5.485276913765983753e-02 -2.678264884374579463e-02 -2.207424800313246757e-04 7.235231501967472967e-04 -2.978297085129718138e-04 -1.342587530397197290e-02 -1.392123807177950666e-03 1.611217864462944488e-02 3.099309011298303183e-03 -4.819181986461477246e-03 -4.318321200831180123e-02 5.396403707076271802e-03 -1.921062678034779546e-04 8.943051241297577877e-03 3.205542328913133301e-03 -1.054029319891163288e-02 6.756375449004126642e-03 1.620766446103518929e-02 1.471290776136900333e-02 9.502110980337350604e-04 -1.452779311341055764e-02 -7.239048490343708876e-03 1.366490344616985361e-02 1.425529299451090259e-03 4.419864286430831221e-03 5.023295048770427471e-03 -5.023295048770426603e-03
1.161772957785980886e-02 -6.857738699756456280e-03 3.390747306728201377e-03 5.830670005509127479e-03 4.021901585372739465e-03 1.359369556472930091e-02 -1.638705916679892216e-03 -1.213302855515487749e-03 -1.972242489000887444e-03 -5.889738210953096748e-06 -2.192990884190930065e-02 3.115990866984546040e-02 -2.997579036014251692e-03 -1.396390054303355173e-03 -5.889738210953169592e-06 -2.509018048936178906e-04 -5.401827239526477478e-05 4.605205437712413426e-03 -1.883155147045846058e-05 -4.011260927861455203e-03 -6.808570939979580617e-04 4.106642129062989654e-04 -1.644595654890856169e-03 -2.186244132362972527e-03 -2.406426709215570646e-05 -6.043028816099763490e-04 4.235712033167721158e-03 -6.440564961575790531e-05 -7.092951565560410036e-04 -1.052388050739051220e-03 -5.720631481669845829e-04 -6.478712032048275895e-05 -1.873987791683397793e-03 -8.932883686368935832e-05 6.765845569241717497e-03 -1.081707357881131525e-03 -1.034387554627050560e-03 -3.328793215988338789e-03 3.328793215988337488e-03
4.113206081299075612e-02 -1.423060431113051111e-02 -3.529470155736789613e-03 5.098800692897429224e-03 6.485323737107634781e-03 2.065105316581387560e-02 -4.615643330062376738e-03 -2.532298516758616468e-03 -4.784690255949436422e-03 -2.184111253228341820e-05 -5.485276913765983753e-02 -2.997579036014251692e-03 7.298170844027360160e-02 -3.155045938765261258e-03 -2.184111253228347918e-05 -1.490975397785218245e-03 -8.791587980226968075e-05 1.423327784920988374e-02 8.587989194528278117e-04 -1.321069845056200946e-02 -9.029372472523157674e-04 6.004502067393760380e-04 -4.637484442594741116e-03 -6.646488420948808672e-03 -3.303738363499311942e-05 7.150786500427593582e-03 6.967167263259655199e-04 1.659250273244202920e-02 -1.427922250027315997e-03 -3.966454170830606071e-03 -3.875628130705520077e-03 -2.402522378551104614e-04 -8.809822312500598888e-05 -1.039440534158401954e-03 3.012663668481995621e-04 -1.654851692774322869e-03 -1.131614839388584868e-03 -1.409280896167530370e-02 1.409280896167530370e-02
-1.132283935842394885e-03 -3.364142729090211035e-03 1.877572098903661224e-02 -4.187823436307003787e-03 -2.903219947504941546e-03 -7.553594556028516045e-03 -2.281205895036720645e-03 -1.209640182713142467e-03 -2.328279803675803363e-03 -1.104325914553688858e-05 -2.678264884374579463e-02 -1.396390054303355173e-03 -3.155045938765261258e-03 3.717529723653135304e-02 -1.104325914553698853e-05 2.147789245502984578e-04 -4.040982237664199637e-05 -3.480935498172095261e-03 -4.894202331381094714e-04 3.017352287272235568e-03 7.792053257813353305e-04 -5.709839168725674031e-07 -2.292249154182205307e-03 7.308271490854153195e-04 -1.468328161555249545e-05 -3.682299722668870914e-03 3.716577334212335312e-04 -1.361344938693576437e-03 -8.706170155060845512e-04 -2.117766148538870533e-03 3.795772021311831306e-05 -1.214758506008969941e-04 9.921169667123710956e-03 1.962349019386569991e-03 -4.336551475602211381e-03 1.679480262750102180e-03 9.354603542764591264e-05 2.891513884895367988e-03 -2.891513884895368855e-03
6.932043065279387727e-04 -4.986773367116283969e-05 4.602454341427723866e-05 -6.732424933221988526e-06 -4.026452486247342899e-05 -3.408869150310599714e-04 -2.110489525591264961e-05 -7.730281401875727988e-06 -1.852813478862236772e-05 -1.227028793948477649e-07 -2.207424800313246757e-04 -5.889738210953169592e-06 -2.184111253228347918e-05 -1.104325914553698853e-05 3.070026042459101561e-04 -5.104439782825710725e-05 -1.227028793948498030e-07 -1.014752812595434196e-04 3.023398948289103441e-04 -1.269974801736720681e-04 -1.067515050735146533e-05 -1.202488218069499392e-05 -2.122759813530932665e-05 -3.766978397421912175e-05 0.000000000000000000e+00 -4.086005883848639543e-05 -2.564490179352229654e-05 2.946096134270430322e-04 -1.227028793948535628e-05 -2.319084420562553055e-05 -3.889681276816429618e-05 -1.349731673343322343e-06 -2.858977089899977369e-05 -6.135143969742670516e-06 -3.447950910995127886e-05 -6.994064125506373948e-06 -1.730110599467397456e-05 1.857721594038046729e-04 -1.857721594038047271e-04
6.011539449090111398e-02 -5.056597869633220818e-03 1.781482426489676765e-02 1.068105820732756679e-02 -4.787243694476523218e-03 1.558906123625494744e-02 -3.771005919821754804e-03 1.612963243667698459e-03 2.756581292616939495e-03 2.560809092970480318e-04 7.235231501967472967e-04 -2.509018048936178906e-04 -1.490975397785218245e-03 2.147789245502984578e-04 -5.104439782825710725e-05 1.205995050067392299e-01 -9.101555333726097535e-05 -5.500448676685040783e-02 -2.070673826320119839e-03 -5.365036044018135081e-02 -4.580761655339730433e-03 -5.202206764714121905e-03 -3.514925010524656574e-03 7.205922623755553307e-03 -1.998557775450180191e-05 -5.163059494674540270e-03 1.002454333954565582e-02 -3.683545979802371056e-03 -5.974880647186502211e-04 3.352009643662678473e-04 -3.788792296964936177e-03 9.741381595156702478e-04 2.135307282875177626e-03 4.864036651389870721e-04 -2.508750807604975645e-03 -4.578305153471319382e-04 -1.427138287805826584e-03 3.053699128886999681e-02 -3.053699128886999334e-02
1.926537613445828507e-04 4.537748521557038528e-04 -5.735343621097086474e-04 -2.983416561733867665e-04 -3.750091871305783267e-04 -9.008903143099627163e-04 2.648112273135997969e-04 2.708442003598600617e-04 -5.523633882750358855e-05 -1.227028793948481884e-07 -2.978297085129718138e-04 -5.401827239526477478e-05 -8.791587980226968075e-05 -4.040982237664199637e-05 -1.227028793948498030e-07 -9.101555333726097535e-05 9.196217427614620599e-04 -6.235475164791895062e-04 -8.048363766522002638e-06 -1.604427327424313532e-04 -1.638531558006640213e-05 -2.018226085600176455e-05 2.646885244342027268e-04 2.254056783044255680e-04 -8.157378675307077677e-07 1.977432674142501475e-04 -1.838980480944797809e-04 -2.556749957876550301e-05 -1.634897727713877802e-05 -4.195281515883189497e-05 -4.705419144347098041e-05 -1.349731673343322343e-06 -1.705281598493409894e-04 -2.000268771776464222e-05 -1.030014899825291855e-04 -3.228193801895726548e-05 -4.503619349071789424e-05 3.901144952202397062e-04 -3.901144952202398146e-04
1.099284849226626892e-01 -5.024914413309728572e-03 -3.162682340788927626e-02 -9.642155585753575328e-03 1.809506623718585075e-02 6.150516221792259874e-02 -5.920387858476215941e-04 -1.094317400805388044e-03 -4.236573560557271650e-05 -1.014752812595428368e-04 -1.342587530397197290e-02 4.605205437712413426e-03 1.423327784920988374e-02 -3.480935498172095261e-03 -1.014752812595434196e-04 -5.500448676685040783e-02 -6.235475164791895062e-04 1.995696526808979632e-01 -5.001680439561273332e-03 -1.157293969256285304e-01 -1.065560229284891192e-02 -1.255493873953295383e-02 -6.935140671072020663e-04 -1.576483221357954587e-02 4.608918951548446064e-05 2.382715200680254192e-02 -1.210519960728892019e-03 8.200216157042703249e-03 -1.931824193118537609e-03 8.293999613579516872e-03 -1.972888528623295903e-02 -8.091027867296261269e-04 -7.638963572520651030e-03 3.695010144044149746e-03 -3.144290615858620283e-03 -1.284073085560630788e-03 8.143538670452733774e-03 -8.195967769459473751e-02 8.195967769459473751e-02
2.459819978461176473e-03 -1.903836003735711073e-03 -8.766924168458459145e-04 3.195003597541886385e-04 2.463562386002754803e-03 8.578090853022912309e-04 6.701172515342910304e-04 -5.145731827499176237e-05 1.253622565418941294e-04 -4.785412296399142768e-06 -1.392123807177950666e-03 -1.883155147045846058e-05 8.587989194528278117e-04 -4.894202331381094714e-04 3.023398948289103441e-04 -2.070673826320119839e-03 -8.048363766522002638e-06 -5.001680439561273332e-03 1.301323122388894742e-02 -5.019792231910705400e-03 -4.277511999321673706e-04 -4.852851623977446249e-04 6.653318392378955578e-04 -2.159472906131133243e-05 -1.631475735061421888e-06 7.264162005563884646e-04 -7.024068482986843727e-04 4.071602553822420987e-04 1.275520059353870707e-04 -6.348415588005325684e-04 2.336080317386116610e-06 -5.263953526038873493e-05 1.058124614040783845e-03 -2.670057023160031062e-04 -2.532435885321007675e-04 -3.233442486816487187e-04 -7.302133087843715089e-04 2.125543360125663368e-03 -2.125543360125664669e-03
-2.251292448182382055e-01 1.381935786343275151e-02 3.720262021888040560e-02 -4.101140141538622158e-04 -1.211638503967054845e-02 -5.662372592965981416e-02 1.370293775383759445e-03 -6.008751856364398774e-04 -2.422995182878371137e-03 -1.269974801736714989e-04 1.611217864462944488e-02 -4.011260927861455203e-03 -1.321069845056200946e-02 3.017352287272235568e-03 -1.269974801736720681e-04 -5.365036044018135081e-02 -1.604427327424313532e-04 -1.157293969256285304e-01 -5.019792231910705400e-03 1.983388108094242819e-01 -1.116583915909998004e-02 -1.261297931986297104e-02 1.243296295210154787e-03 8.941675600250980488e-03 -1.672262628437943586e-05 -1.482508263594065935e-02 -7.673640742444216151e-03 -3.393295170254574493e-03 3.801405435977713455e-03 -8.416628186848081061e-03 1.362862657615678159e-02 -4.755963605344567862e-04 5.583388229591212254e-03 -2.948654970014224098e-03 7.749302303606286392e-03 2.070752043294858073e-03 -5.268825791767790638e-03 2.616222006618823884e-02 -2.616222006618825618e-02
1.704442424021630547e-03 3.713008296185610173e-03 -8.430798784800245388e-03 -1.035605198533689694e-03 -1.548187267462187294e-03 -1.482777172700161256e-03 -1.296107418959164355e-03 -4.653370636103639586e-04 -5.119252122449442647e-04 -1.067515050735153817e-05 3.099309011298303183e-03 -6.808570939979580617e-04 -9.029372472523157674e-04 7.792053257813353305e-04 -1.067515050735146533e-05 -4.580761655339730433e-03 -1.638531558006640213e-05 -1.065560229284891192e-02 -4.277511999321673706e-04 -1.116583915909998004e-02 2.792105519788530901e-02 -1.074715575084023112e-03 -1.306782569466605204e-03 -6.673178985925550281e-04 -2.855082536357528538e-06 -1.030524287874431217e-03 -6.351153182127411033e-04 -1.134546672331668369e-03 -1.604145420410431799e-04 1.295108034152636775e-03 5.186935063314459735e-03 1.896986515444344515e-04 -5.270919725366632206e-04 -5.822939284856847161e-04 -7.825417686174151446e-04 -8.274052329551168366e-05 2.404828149790554385e-04 8.431430097542406618e-03 -8.431430097542406618e-03
5.072844924084855822e-02 -6.000792725095429464e-03 -1.350959551213109198e-02 3.856578875328936658e-04 -1.731803434449235343e-03 -1.894463912281062895e-02 3.353929870396970929e-03 3.281795242995419904e-04 1.505789203977790495e-04 -1.202488218069503289e-05 -4.819181986461477246e-03 4.106642129062989654e-04 6.004502067393760380e-04 -5.709839168725674031e-07 -1.202488218069499392e-05 -5.202206764714121905e-03 -2.018226085600176455e-05 -1.255493873953295383e-02 -4.852851623977446249e-04 -1.261297931986297104e-02 -1.074715575084023112e-03 3.195030782244866197e-02 3.341904988216239016e-03 8.074093892226788614e-05 -4.078689337653422583e-06 -3.732645056283700070e-03 3.810375782336745151e-04 -3.704210904574499171e-04 -1.222881664757733333e-03 -8.308860512909093179e-04 4.746834054851496731e-03 1.748516031376347085e-04 -4.402364216005913975e-04 -3.634565206495620491e-04 -9.574740330104617022e-04 1.095182676090317809e-04 -9.128079035822597590e-04 1.431337838665024294e-02 -1.431337838665024294e-02
1.887332655387570154e-02 -2.541805406693196760e-03 -1.584986954964285807e-02 6.761662842266267896e-03 3.026426815047947565e-04 -3.513657598259610493e-02 5.688394453231256781e-02 -1.708499412250949565e-03 -3.682573970937192374e-03 2.858977089899999188e-04 -4.318321200831180123e-02 -1.644595654890856169e-03 -4.637484442594741116e-03 -2.292249154182205307e-03 -2.122759813530932665e-05 -3.514925010524656574e-03 2.646885244342027268e-04 -6.935140671072020663e-04 6.653318392378955578e-04 1.243296295210154787e-03 -1.306782569466605204e-03 3.341904988216239016e-03 5.716984224130170628e-02 -7.089520610546269121e-03 -1.060459227789886704e-05 -7.959575930401471128e-03 -6.493858912191823735e-03 -2.334888486247995668e-03 -2.175782774920456165e-03 -4.255921669964931806e-03 -6.835194531671773613e-03 -2.335035794883922797e-04 -6.791229421881437092e-03 -1.241657975489761194e-03 -6.855740827365177162e-03 -1.538715454327433058e-03 -3.353647474527004027e-03 5.311004458441631257e-03 -5.311004458441631257e-03
-1.295762780410235002e-02 6.259343459602421771e-03 1.375618241710067566e-02 -4.070512449089729035e-03 -2.977996297471354739e-04 -1.398484881637861686e-02 -7.051850826571942968e-03 8.219567688443937814e-03 1.613124403226448827e-03 -3.766978397421906076e-05 5.396403707076271802e-03 -2.186244132362972527e-03 -6.646488420948808672e-03 7.308271490854153195e-04 -3.766978397421912175e-05 7.205922623755553307e-03 2.254056783044255680e-04 -1.576483221357954587e-02 -2.159472906131133243e-05 8.941675600250980488e-03 -6.673178985925550281e-04 8.074093892226788614e-05 -7.089520610546269121e-03 9.811826638129007849e-02 -2.202492242332875757e-05 -1.439413154697416833e-02 -1.214581980073725989e-02 -4.194716724143771232e-03 -3.877103009538525151e-03 -7.626162386863959836e-03 -1.216157074406006011e-02 -4.143676237163992871e-04 -1.260939616765213017e-02 -2.257912879907533060e-03 -1.243530278031531287e-02 -2.829950281653553258e-03 -6.060286902758237754e-03 3.521514366985792344e-02 -3.521514366985793038e-02
1.991437652880014613e-05 4.687294962043368199e-04 2.871087968024422263e-04 -2.009685434947819664e-04 1.270847690903100001e-03 -1.431967637512038575e-04 -1.060459227789886704e-05 2.928498944435146707e-04 -1.835410201944062566e-05 0.000000000000000000e+00 -1.921062678034779546e-04 -2.406426709215570646e-05 -3.303738363499311942e-05 -1.468328161555249545e-05 0.000000000000000000e+00 -1.998557775450180191e-05 -8.157378675307077677e-07 4.608918951548446064e-05 -1.631475735061421888e-06 -1.672262628437943586e-05 -2.855082536357528538e-06 -4.078689337653422583e-06 -1.060459227789886704e-05 -2.202492242332875757e-05 3.067174381915393935e-04 -3.426099043628854675e-05 -7.912657315047882012e-05 -6.525902940245657906e-06 -2.039344668826708750e-06 -9.380985476603202538e-06 -4.078689337653422583e-06 0.000000000000000000e+00 -7.096919447517170221e-05 -6.933771874010955357e-06 -3.426099043628853997e-05 -1.264393694672555334e-05 -1.386754374802191410e-05 -5.139148565443375186e-05 5.139148565443375864e-05
1.520207508307357125e-03 -1.377378762042510106e-03 -3.695838405588830478e-02 -8.806956059600896600e-03 -1.027589110379414569e-03 2.439433887309124319e-02 -7.918715871562724551e-03 -7.020653008415766744e-04 -3.104733847364633034e-03 -4.086005883848610405e-05 8.943051241297577877e-03 -6.043028816099763490e-04 7.150786500427593582e-03 -3.682299722668870914e-03 -4.086005883848639543e-05 -5.163059494674540270e-03 1.977432674142501475e-04 2.382715200680254192e-02 7.264162005563884646e-04 -1.482508263594065935e-02 -1.030524287874431217e-03 -3.732645056283700070e-03 -7.959575930401471128e-03 -1.439413154697416833e-02 -3.426099043628854675e-05 1.115869302813907726e-01 -1.518638444188339862e-02 -4.715901848505963181e-03 -4.257310836030035392e-03 -8.510553900508241454e-03 -1.329524855616216403e-02 -4.494606472233193145e-04 -1.548180604528156742e-02 -2.625439779341202495e-03 -1.435959973026235820e-02 -3.391114057318699027e-03 -6.926141971060333080e-03 -3.489947315822353180e-02 3.489947315822351098e-02
4.889616758365178222e-03 -1.182541811086681299e-02 3.810013197311909461e-02 4.645198054054223459e-03 5.896378343751271017e-04 2.626291023971572339e-02 -6.468214010398610700e-03 -3.924298806297628166e-04 -1.597695127212710739e-03 -2.564490179352248628e-05 3.205542328913133301e-03 4.235712033167721158e-03 6.967167263259655199e-04 3.716577334212335312e-04 -2.564490179352229654e-05 1.002454333954565582e-02 -1.838980480944797809e-04 -1.210519960728892019e-03 -7.024068482986843727e-04 -7.673640742444216151e-03 -6.351153182127411033e-04 3.810375782336745151e-04 -6.493858912191823735e-03 -1.214581980073725989e-02 -7.912657315047882012e-05 -1.518638444188339862e-02 1.030611591054574616e-01 -3.881805153346880657e-03 -2.960123045104703660e-03 -6.666797621436972542e-03 -8.920699600051706923e-03 -2.820939197287670205e-04 -1.974328584607399489e-02 -2.627396833234311134e-03 -1.385284954862013931e-02 -3.914683169895555488e-03 -6.306234640002935168e-03 -1.334577134459702906e-05 1.334577134459052385e-05
1.410551654226313220e-02 -6.984140019045001480e-03 -2.377936484877472834e-02 -5.325675914375646797e-04 4.587511973829155399e-04 2.402800872709847865e-02 -2.322372792549746382e-03 -1.016895305899840046e-03 -1.569284766499900226e-03 -1.251569369827421769e-05 -1.054029319891163288e-02 -6.440564961575790531e-05 1.659250273244202920e-02 -1.361344938693576437e-03 2.946096134270430322e-04 -3.683545979802371056e-03 -2.556749957876550301e-05 8.200216157042703249e-03 4.071602553822420987e-04 -3.393295170254574493e-03 -1.134546672331668369e-03 -3.704210904574499171e-04 -2.334888486247995668e-03 -4.194716724143771232e-03 -6.525902940245657906e-06 -4.715901848505963181e-03 -3.881805153346880657e-03 3.485977103651680120e-02 -1.284198884528710326e-03 -2.515561876599436194e-03 -4.032733931755639809e-03 -1.376726306810234978e-04 -4.051663743300884871e-03 -7.367250348979160774e-04 -4.065085776195818956e-03 -9.156975319492497703e-04 -1.986593511425079409e-03 -9.821906459685786003e-03 9.821906459685784269e-03
-7.651594876178512833e-03 1.614455232752674222e-03 -1.688251045783397200e-02 -7.527950523249003854e-04 -2.114919123652689477e-03 -5.702534414722401808e-03 -2.163512486980949737e-03 -5.372798964711591237e-04 -1.023208067583522172e-03 -1.227028793948528005e-05 6.756375449004126642e-03 -7.092951565560410036e-04 -1.427922250027315997e-03 -8.706170155060845512e-04 -1.227028793948535628e-05 -5.974880647186502211e-04 -1.634897727713877802e-05 -1.931824193118537609e-03 1.275520059353870707e-04 3.801405435977713455e-03 -1.604145420410431799e-04 -1.222881664757733333e-03 -2.175782774920456165e-03 -3.877103009538525151e-03 -2.039344668826708750e-06 -4.257310836030035392e-03 -2.960123045104703660e-03 -1.284198884528710326e-03 3.101093173086360774e-02 -2.365989347945707602e-03 -3.910074723504842337e-03 -1.349731673343336827e-04 -3.213823062275774148e-03 -6.481832563443267175e-04 -3.619255863176610525e-03 -7.626260972843061257e-04 -1.799448318207532305e-03 -7.478267286417790774e-03 7.478267286417782968e-03
-8.517360628113531968e-04 1.738611216604774631e-03 -3.244891893340023231e-02 -2.828230848473570203e-03 2.184524078307557675e-04 4.362611893613022734e-03 -4.232730825759577556e-03 -1.482232369510238373e-03 -3.309711207246137689e-03 -2.319084420562568302e-05 1.620766446103518929e-02 -1.052388050739051220e-03 -3.966454170830606071e-03 -2.117766148538870533e-03 -2.319084420562553055e-05 3.352009643662678473e-04 -4.195281515883189497e-05 8.293999613579516872e-03 -6.348415588005325684e-04 -8.416628186848081061e-03 1.295108034152636775e-03 -8.308860512909093179e-04 -4.255921669964931806e-03 -7.626162386863959836e-03 -9.380985476603202538e-06 -8.510553900508241454e-03 -6.666797621436972542e-03 -2.515561876599436194e-03 -2.365989347945707602e-03 6.051173288974154990e-02 -7.445307467949553205e-03 -2.550992862618883849e-04 -7.035758172840035282e-03 -1.319018963383601336e-03 -7.304630001815772683e-03 -1.612688669495349059e-03 -3.588862539197892887e-03 -5.690230661898098945e-03 5.690230661898087669e-03
-2.241520632642432162e-02 4.775066603164304646e-03 -3.995978137774842953e-02 -3.281701641456627114e-03 -4.104801413593896046e-03 -4.278205823829849680e-02 -6.796297718903432199e-03 -1.057626795585887630e-03 -2.371456062683901557e-03 -3.889681276816481795e-05 1.471290776136900333e-02 -5.720631481669845829e-04 -3.875628130705520077e-03 3.795772021311831306e-05 -3.889681276816429618e-05 -3.788792296964936177e-03 -4.705419144347098041e-05 -1.972888528623295903e-02 2.336080317386116610e-06 1.362862657615678159e-02 5.186935063314459735e-03 4.746834054851496731e-03 -6.835194531671773613e-03 -1.216157074406006011e-02 -4.078689337653422583e-06 -1.329524855616216403e-02 -8.920699600051706923e-03 -4.032733931755639809e-03 -3.910074723504842337e-03 -7.445307467949553205e-03 8.805889888908581542e-02 -4.278649404498317474e-04 -9.772649319734445089e-03 -2.014178357148394341e-03 -1.127261429221812668e-02 -2.343557697252734301e-03 -5.623126037792072415e-03 2.059944689804846935e-02 -2.059944689804847628e-02
1.816169915717038945e-03 1.092313330030245458e-03 -3.194437169742438912e-03 -7.405667426543719562e-05 -4.429097734872121709e-04 -1.361888093473771376e-03 -2.321538478150563575e-04 -8.503309542062850843e-05 -2.038094826748383843e-04 -1.349731673343324460e-06 9.502110980337350604e-04 -6.478712032048275895e-05 -2.402522378551104614e-04 -1.214758506008969941e-04 -1.349731673343322343e-06 9.741381595156702478e-04 -1.349731673343322343e-06 -8.091027867296261269e-04 -5.263953526038873493e-05 -4.755963605344567862e-04 1.896986515444344515e-04 1.748516031376347085e-04 -2.335035794883922797e-04 -4.143676237163992871e-04 0.000000000000000000e+00 -4.494606472233193145e-04 -2.820939197287670205e-04 -1.376726306810234978e-04 -1.349731673343336827e-04 -2.550992862618883849e-04 -4.278649404498317474e-04 3.363531329971730394e-03 -3.144874798889965009e-04 -6.748658366716674649e-05 -3.792746002094911318e-04 -7.693470538057067755e-05 -1.903121659414084448e-04 2.043493753441844463e-03 -2.043493753441844897e-03
3.858610844842469585e-03 -6.637015979022948230e-03 1.227570272138510665e-01 2.062878309757564324e-02 8.155797232863245400e-03 3.235538762641682487e-03 -6.762639650982260262e-03 6.289275407369791099e-04 1.275960111313886869e-02 -2.858977089899978385e-05 -1.452779311341055764e-02 -1.873987791683397793e-03 -8.809822312500598888e-05 9.921169667123710956e-03 -2.858977089899977369e-05 2.135307282875177626e-03 -1.705281598493409894e-04 -7.638963572520651030e-03 1.058124614040783845e-03 5.583388229591212254e-03 -5.270919725366632206e-04 -4.402364216005913975e-04 -6.791229421881437092e-03 -1.260939616765213017e-02 -7.096919447517170221e-05 -1.548180604528156742e-02 -1.974328584607399489e-02 -4.051663743300884871e-03 -3.213823062275774148e-03 -7.035758172840035282e-03 -9.772649319734445089e-03 -3.144874798889965009e-04 1.059899435418516223e-01 -2.635964851027871626e-03 -1.399513795853305625e-02 -3.829661969973397872e-03 -6.444110308914902628e-03 9.158519452938941943e-03 -9.158519452938947147e-03
1.405180020073747800e-03 3.634497216950105872e-03 -4.580928780693945424e-04 -2.752026499792963390e-03 -1.982115828328282273e-03 6.713236081102121576e-03 -1.235522831520011666e-03 5.993051428170843940e-04 7.053956818621816283e-03 -6.135143969742634094e-06 -7.239048490343708876e-03 -8.932883686368935832e-05 -1.039440534158401954e-03 1.962349019386569991e-03 -6.135143969742670516e-06 4.864036651389870721e-04 -2.000268771776464222e-05 3.695010144044149746e-03 -2.670057023160031062e-04 -2.948654970014224098e-03 -5.822939284856847161e-04 -3.634565206495620491e-04 -1.241657975489761194e-03 -2.257912879907533060e-03 -6.933771874010955357e-06 -2.625439779341202495e-03 -2.627396833234311134e-03 -7.367250348979160774e-04 -6.481832563443267175e-04 -1.319018963383601336e-03 -2.014178357148394341e-03 -6.748658366716674649e-05 -2.635964851027871626e-03 2.015276425704979127e-02 -2.306412292914495482e-03 -5.646501343696795367e-04 -1.100803543450075330e-03 -4.791435492323483335e-03 4.791435492323483335e-03
-1.178545429683850419e-02 7.403061163058474552e-03 1.735272339519016230e-02 -1.494820466437833022e-03 4.915900857249071165e-03 -6.059752602668245017e-03 -6.821261318255500417e-03 -3.064218432071847548e-03 -6.441025138110751530e-03 -3.447950910995150925e-05 1.366490344616985361e-02 6.765845569241717497e-03 3.012663668481995621e-04 -4.336551475602211381e-03 -3.447950910995127886e-05 -2.508750807604975645e-03 -1.030014899825291855e-04 -3.144290615858620283e-03 -2.532435885321007675e-04 7.749302303606286392e-03 -7.825417686174151446e-04 -9.574740330104617022e-04 -6.855740827365177162e-03 -1.243530278031531287e-02 -3.426099043628853997e-05 -1.435959973026235820e-02 -1.385284954862013931e-02 -4.065085776195818956e-03 -3.619255863176610525e-03 -7.304630001815772683e-03 -1.127261429221812668e-02 -3.792746002094911318e-04 -1.399513795853305625e-02 -2.306412292914495482e-03 9.953407184419574283e-02 -3.027422722792260171e-03 -6.026484459337016694e-03 1.202045314449073660e-03 -1.202045314449071926e-03
-2.064625726496020081e-03 4.023165566949612679e-03 3.764224431151831727e-03 -3.328972213921916560e-03 8.095817571566606922e-04 -6.234253915825231987e-03 -1.531721390201934343e-03 1.266713316834879987e-03 -8.945430992758591571e-05 -6.994064125506382418e-06 1.425529299451090259e-03 -1.081707357881131525e-03 -1.654851692774322869e-03 1.679480262750102180e-03 -6.994064125506373948e-06 -4.578305153471319382e-04 -3.228193801895726548e-05 -1.284073085560630788e-03 -3.233442486816487187e-04 2.070752043294858073e-03 -8.274052329551168366e-05 1.095182676090317809e-04 -1.538715454327433058e-03 -2.829950281653553258e-03 -1.264393694672555334e-05 -3.391114057318699027e-03 -3.914683169895555488e-03 -9.156975319492497703e-04 -7.626260972843061257e-04 -1.612688669495349059e-03 -2.343557697252734301e-03 -7.693470538057067755e-05 -3.829661969973397872e-03 -5.646501343696795367e-04 -3.027422722792260171e-03 2.623640332652507623e-02 -1.416056897885046000e-03 1.624869659721956240e-03 -1.624869659721957325e-03
1.123770257287757916e-02 -1.643485007646502656e-03 -2.648603895611750803e-02 -3.912035953599702146e-03 -6.751476780075936317e-03 2.240846425045190521e-02 -3.336346368532427682e-03 -9.610830945945957743e-04 1.984623747273590259e-03 -1.730110599467393051e-05 4.419864286430831221e-03 -1.034387554627050560e-03 -1.131614839388584868e-03 9.354603542764591264e-05 -1.730110599467397456e-05 -1.427138287805826584e-03 -4.503619349071789424e-05 8.143538670452733774e-03 -7.302133087843715089e-04 -5.268825791767790638e-03 2.404828149790554385e-04 -9.128079035822597590e-04 -3.353647474527004027e-03 -6.060286902758237754e-03 -1.386754374802191410e-05 -6.926141971060333080e-03 -6.306234640002935168e-03 -1.986593511425079409e-03 -1.799448318207532305e-03 -3.588862539197892887e-03 -5.623126037792072415e-03 -1.903121659414084448e-04 -6.444110308914902628e-03 -1.100803543450075330e-03 -6.026484459337016694e-03 -1.416056897885046000e-03 5.083597631424773694e-02 -1.240847289135187971e-02 1.240847289135187971e-02
-3.032349060849784395e-02 -3.936226865997919343e-03 1.555876378208849442e-02 8.848620377343758853e-04 -1.967135264308190849e-03 -9.639475974718671181e-02 5.432357606163694397e-03 9.983101379004038524e-04 3.011706488251747471e-03 -1.213531477215101697e-04 5.023295048770427471e-03 -3.328793215988338789e-03 -1.409280896167530370e-02 2.891513884895367988e-03 1.857721594038046729e-04 3.053699128886999681e-02 3.901144952202397062e-04 -8.195967769459473751e-02 2.125543360125663368e-03 2.616222006618823884e-02 8.431430097542406618e-03 1.431337838665024294e-02 5.311004458441631257e-03 3.521514366985792344e-02 -5.139148565443375186e-05 -3.489947315822353180e-02 -1.334577134459702906e-05 -9.821906459685786003e-03 -7.478267286417790774e-03 -5.690230661898098945e-03 2.059944689804846935e-02 2.043493753441844463e-03 9.158519452938941943e-03 -4.791435492323483335e-03 1.202045314449073660e-03 1.624869659721956240e-03 -1.240847289135187971e-02 2.159511271556804890e-01 -2.159511271556877055e-01
3.032349060849780231e-02 3.936226865997921945e-03 -1.555876378208848228e-02 -8.848620377343802221e-04 1.967135264308183910e-03 9.639475974718673956e-02 -5.432357606163696132e-03 -9.983101379004047198e-04 -3.011706488251727088e-03 1.213531477215101697e-04 -5.023295048770426603e-03 3.328793215988337488e-03 1.409280896167530370e-02 -2.891513884895368855e-03 -1.857721594038047271e-04 -3.053699128886999334e-02 -3.901144952202398146e-04 8.195967769459473751e-02 -2.125543360125664669e-03 -2.616222006618825618e-02 -8.431430097542406618e-03 -1.431337838665024294e-02 -5.311004458441631257e-03 -3.521514366985793038e-02 5.139148565443375864e-05 3.489947315822351098e-02 1.334577134459052385e-05 9.821906459685784269e-03 7.478267286417782968e-03 5.690230661898087669e-03 -2.059944689804847628e-02 -2.043493753441844897e-03 -9.158519452938947147e-03 4.791435492323483335e-03 -1.202045314449071926e-03 -1.624869659721957325e-03 1.240847289135187971e-02 -2.159511271556877055e-01 2.159511271556877055e-01
